X_Value: 37.32092364499999
T5: 53.53608395
T6: 45.91965316666668
T7: 2.261600366666667
T8: 1.8659870999999995
T1: -1.574617650000001
T2: 66.46689403333333
T3: 59.11221468333334
T4: 56.916553166666645
T9: 0.9796010333333339
T10: 10.1915563
T11: 21.532016166666672
T_Ambient: 24.24774326666667
Expansion Out: 0.25234822499999987
Expansion In: 0.39245327000000024
COmpressor Out: 0.6358836250000003
Compressor In: 0.032977694999999994
Comment: 0


